 (0, 0 )0 1 0
 (1, 0 )1 2 1
 (1, 1 )2 0 2
 (2, 1 )3 1 3
 (1, 2 )3 1 3
 (1, 0 )3 1 3
 (0, 0 )3 2 3
 (0, 2 )4 2 4
 (1, 1 )4 2 4
 (3, 1 )4 2 4
 (2, 2 )4 2 4
 (1, 2 )5 0 5
 (3, 0 )5 0 5
 (2, 1 )5 0 5
 (1, 0 )5 0 5
 (2, 3 )5 0 5
 (0, 2 )6 1 6
 (1, 3 )6 1 6
 (3, 3 )6 1 6
 (2, 4 )6 1 6
 (1, 1 )6 1 6
 (2, 2 )6 1 6
 (3, 1 )6 1 6
 (4, 0 )6 1 6
 (1, 2 )7 2 7
 (4, 3 )7 2 7
 (4, 1 )7 2 7
 (3, 0 )7 2 7
 (2, 3 )7 2 7
 (1, 4 )7 2 7
 (2, 1 )7 2 7
 (3, 4 )7 2 7
 (4, 4 )7 0 7
 (1, 3 )8 0 8
 (4, 0 )8 0 8
 (3, 3 )8 0 8
 (4, 3 )8 1 8
 (4, 2 )8 0 8
 (3, 1 )8 0 8
 (2, 4 )8 0 8
 (2, 2 )8 0 8
 (3, 4 )8 1 8
 (4, 4 )8 2 8
 (1, 4 )9 1 9
 (3, 0 )9 1 9
 (2, 4 )9 2 9
 (4, 3 )9 0 9
 (3, 3 )9 2 9
 (4, 4 )9 1 9
 (4, 1 )9 1 9
 (2, 3 )9 1 9
 (0, 4 )10 2 10
 (4, 2 )10 1 10
 (1, 3 )10 2 10
 (4, 0 )10 2 10
 (3, 4 )10 0 10
 (1, 4 )11 0 11
 (4, 1 )11 0 11
 (0, 4 )12 1 12
7
